Time_s   F0_Hz
9.767500   --undefined--
9.782500   --undefined--
9.797500   --undefined--
9.812500   --undefined--
9.827500   --undefined--
9.842500   --undefined--
9.857500   283.829384
9.872500   288.406657
9.887500   292.392872
9.902500   293.998121
9.917500   295.188166
9.932500   296.849322
9.947500   299.646424
9.962500   303.598787
9.977500   308.622575
9.992500   314.661625
10.007500   323.004753
10.022500   335.518423
10.037500   348.007658
10.052500   366.130613
10.067500   377.543358
10.082500   385.988668
10.097500   393.606344
10.112500   399.783829
10.127500   400.650405
10.142500   398.275580
10.157500   397.677936
10.172500   401.118871
10.187500   409.440390
10.202500   418.070662
10.217500   426.423479
10.232500   433.607943
10.247500   436.802837
10.262500   436.404632
10.277500   434.900349
10.292500   434.243106
10.307500   435.792550
10.322500   438.715358
10.337500   441.261861
10.352500   444.073595
10.367500   446.769866
10.382500   446.923325
10.397500   441.199682
10.412500   433.297841
10.427500   426.704357
10.442500   --undefined--
10.457500   --undefined--
10.472500   --undefined--
10.487500   --undefined--
10.502500   --undefined--
10.517500   --undefined--
10.532500   --undefined--
10.547500   443.154247
10.562500   444.581456
10.577500   443.632083
10.592500   441.367270
10.607500   439.299589
10.622500   436.421137
10.637500   433.867650
10.652500   433.042079
10.667500   433.757495
10.682500   435.429805
10.697500   436.836959
10.712500   436.426450
10.727500   435.313782
10.742500   436.120158
10.757500   438.922216
10.772500   442.056525
10.787500   444.273447
10.802500   445.371005
10.817500   444.470465
10.832500   442.173055
10.847500   439.405157
10.862500   437.368641
10.877500   436.545462
10.892500   437.146372
10.907500   438.450495
10.922500   439.194236
10.937500   439.662779
10.952500   439.429519
10.967500   438.592381
10.982500   437.561137
10.997500   435.846433
11.012500   431.657880
11.027500   424.543682
11.042500   415.584923
11.057500   405.866055
11.072500   396.553997
11.087500   388.813444
11.102500   384.563834
11.117500   383.281505
11.132500   384.928937
11.147500   387.707115
11.162500   390.252068
11.177500   391.796136
11.192500   392.451278
11.207500   390.998863
11.222500   387.164660
11.237500   386.839132
11.252500   388.000189
11.267500   388.737966
11.282500   391.046105
11.297500   394.364669
11.312500   395.443691
11.327500   395.301278
11.342500   395.742498
11.357500   396.455801
11.372500   395.820206
11.387500   394.849958
11.402500   393.661770
11.417500   392.586073
11.432500   391.795521
11.447500   391.579153
11.462500   391.467157
11.477500   391.511950
11.492500   391.587280
11.507500   391.647615
11.522500   392.146443
11.537500   391.374590
11.552500   387.954873
11.567500   384.356144
11.582500   --undefined--
11.597500   --undefined--
11.612500   --undefined--
11.627500   --undefined--
11.642500   --undefined--
11.657500   --undefined--
11.672500   --undefined--
11.687500   --undefined--
11.702500   --undefined--
11.717500   --undefined--
11.732500   --undefined--
11.747500   --undefined--
11.762500   --undefined--
11.777500   --undefined--
11.792500   --undefined--
11.807500   394.938630
11.822500   394.905409
11.837500   394.935847
11.852500   395.210571
11.867500   393.794359
11.882500   391.099111
11.897500   388.833722
11.912500   387.838709
11.927500   387.830686
11.942500   388.912493
11.957500   390.411606
11.972500   392.260707
11.987500   393.303099
12.002500   393.397412
12.017500   393.193031
12.032500   392.719858
12.047500   392.330822
12.062500   391.894635
12.077500   391.534844
12.092500   391.302375
12.107500   391.439711
12.122500   391.492603
12.137500   391.659484
12.152500   391.058983
12.167500   389.961793
12.182500   389.708391
12.197500   390.269713
12.212500   390.951864
12.227500   391.513245
12.242500   392.159782
12.257500   392.692863
12.272500   392.895914
12.287500   392.840359
12.302500   392.205529
12.317500   391.753127
12.332500   391.433830
12.347500   391.310988
12.362500   391.274430
12.377500   391.239480
12.392500   391.562849
12.407500   392.177950
12.422500   392.718508
12.437500   393.201856
12.452500   393.400651
12.467500   393.148038
12.482500   392.888439
12.497500   393.184957
12.512500   393.348192
12.527500   392.433114
12.542500   391.034961
12.557500   390.233322
12.572500   390.157138
12.587500   390.940709
12.602500   391.555492
12.617500   391.962257
12.632500   392.488998
12.647500   392.170091
12.662500   391.813518
12.677500   391.956948
12.692500   392.186645
12.707500   392.476623
12.722500   392.636320
12.737500   392.396563
12.752500   392.190257
12.767500   392.236008
12.782500   392.297074
12.797500   392.106321
12.812500   391.764684
12.827500   391.534886
12.842500   391.828363
12.857500   392.098986
12.872500   391.912469
12.887500   391.764905
12.902500   391.928156
12.917500   392.635245
12.932500   393.546277
12.947500   393.886520
12.962500   393.613837
12.977500   393.563291
12.992500   393.781014
13.007500   393.707058
13.022500   393.464446
13.037500   393.578446
13.052500   393.310339
13.067500   391.885309
13.082500   389.339264
13.097500   387.175860
13.112500   385.449167
13.127500   384.299537
13.142500   384.396951
13.157500   386.269991
13.172500   --undefined--
13.187500   --undefined--
13.202500   --undefined--
13.217500   --undefined--
13.232500   --undefined--
13.247500   --undefined--
13.262500   --undefined--
13.277500   --undefined--
13.292500   --undefined--
13.307500   --undefined--
13.322500   --undefined--
13.337500   --undefined--
